-508.237 -85.224 -17.529 -0.042 -0.011 2.169
-508.237 -85.224 -19.529 -0.042 -0.011 2.169
-508.237 -85.224 -21.529 -0.042 -0.011 2.169
-507.30600000000004 -84.6 -29.186 -0.042 -0.011 2.169
-504.039 -82.40800000000002 -29.509 -0.042 -0.011 2.169
-500.72 -80.182 -29.559 -0.042 -0.011 2.169
-497.401 -77.95600000000002 -29.404 -0.042 -0.011 2.169
-494.0810000000001 -75.73 -29.517000000000003 -0.042 -0.011 2.169
-491.03 -73.18600000000002 -29.301000000000002 -0.042 -0.011 2.169
-490.174 -69.29500000000002 -29.656 -0.042 -0.011 2.169
-493.039 -69.49200000000002 -30.325000000000003 -0.042 -0.011 2.169
-496.35 -71.713 -30.001000000000005 -0.042 -0.011 2.169
-499.661 -73.933 -30.299 -0.042 -0.011 2.169
-502.9750000000001 -76.156 -30.053 -0.042 -0.011 2.169
-506.29 -78.38 -30.287 -0.042 -0.011 2.169
-509.60800000000006 -80.605 -30.090000000000003 -0.042 -0.011 2.169
-512.9260000000002 -82.83 -30.291 -0.042 -0.011 2.169
-516.234 -85.049 -29.939 -0.042 -0.011 2.169
-519.551 -87.274 -30.148 -0.042 -0.011 2.169
-522.997 -89.234 -29.719 -0.042 -0.011 2.169
-526.986 -89.413 -29.941 -0.042 -0.011 2.169
-530.979 -89.592 -29.878 -0.042 -0.011 2.169
-527.753 -87.236 -30.017 -0.042 -0.011 2.169
-524.434 -85.01 -30.049 -0.042 -0.011 2.169
-521.1250000000001 -82.79 -30.045 -0.042 -0.011 2.169
-517.808 -80.566 -30.202 -0.042 -0.011 2.169
-514.49 -78.341 -30.177 -0.042 -0.011 2.169
-511.17400000000004 -76.116 -30.35 -0.042 -0.011 2.169
-507.856 -73.891 -30.287 -0.042 -0.011 2.169
-504.53800000000007 -71.665 -30.386 -0.042 -0.011 2.169
-501.221 -69.441 -30.325000000000003 -0.042 -0.011 2.169
-497.906 -67.217 -30.534 -0.042 -0.011 2.169
-494.593 -64.995 -30.404 -0.042 -0.011 2.169
-491.273 -62.769000000000005 -30.416 -0.042 -0.011 2.169
-489.137 -59.729 -30.087 -0.042 -0.011 2.169
-488.824 -55.745 -30.255 -0.042 -0.011 2.169
-492.198 -57.85000000000001 -30.564 -0.042 -0.011 2.169
-495.514 -60.074000000000005 -30.338 -0.042 -0.011 2.169
-498.829 -62.297 -30.594000000000005 -0.042 -0.011 2.169
-502.138 -64.517 -30.263 -0.042 -0.011 2.169
-505.456 -66.742 -30.413000000000004 -0.042 -0.011 2.169
-508.776 -68.969 -30.273 -0.042 -0.011 2.169
-512.094 -71.195 -30.441 -0.042 -0.011 2.169
-515.408 -73.41700000000002 -30.164000000000005 -0.042 -0.011 2.169
-518.726 -75.642 -30.349 -0.042 -0.011 2.169
-522.038 -77.864 -30.074000000000005 -0.042 -0.011 2.169
-525.354 -80.088 -30.283 -0.042 -0.011 2.169
-528.672 -82.314 -30.087 -0.042 -0.011 2.169
-531.9920000000001 -84.54 -30.200000000000003 -0.042 -0.011 2.169
-535.3090000000001 -86.76500000000001 -30.005 -0.042 -0.011 2.169
-538.624 -88.98900000000002 -29.98 -0.042 -0.011 2.169
-542.465 -87.904 -29.954 -0.042 -0.011 2.169
-540.633 -84.797 -29.977 -0.042 -0.011 2.169
-537.321 -82.576 -30.265 -0.042 -0.011 2.169
-534.002 -80.35 -30.143 -0.042 -0.011 2.169
-530.687 -78.126 -30.383 -0.042 -0.011 2.169
-527.368 -75.9 -30.232 -0.042 -0.011 2.169
-524.048 -73.674 -30.386 -0.042 -0.011 2.169
-520.728 -71.44700000000002 -30.242 -0.042 -0.011 2.169
-517.414 -69.224 -30.51 -0.042 -0.011 2.169
-514.098 -67.0 -30.279 -0.042 -0.011 2.169
-510.78100000000006 -64.77500000000002 -30.486000000000004 -0.042 -0.011 2.169
-507.462 -62.54900000000001 -30.336 -0.042 -0.011 2.169
-504.14400000000006 -60.323 -30.526 -0.042 -0.011 2.169
-500.826 -58.098 -30.329 -0.042 -0.011 2.169
-497.509 -55.874 -30.549 -0.042 -0.011 2.169
-494.189 -53.646 -30.471 -0.042 -0.011 2.169
-490.871 -51.422 -30.672 -0.042 -0.011 2.169
-488.26000000000005 -48.577000000000005 -30.228 -0.042 -0.011 2.169
-487.947 -44.589 -30.283 -0.042 -0.011 2.169
-491.479 -46.29 -30.754000000000005 -0.042 -0.011 2.169
-494.795 -48.514 -30.509 -0.042 -0.011 2.169
-498.114 -50.74 -30.634 -0.042 -0.011 2.169
-501.431 -52.965 -30.444 -0.042 -0.011 2.169
-504.748 -55.19 -30.612000000000002 -0.042 -0.011 2.169
-508.065 -57.414 -30.419 -0.042 -0.011 2.169
-511.38400000000007 -59.641 -30.544 -0.042 -0.011 2.169
-514.702 -61.86600000000001 -30.389 -0.042 -0.011 2.169
-518.02 -64.091 -30.540000000000003 -0.042 -0.011 2.169
-521.335 -66.315 -30.318 -0.042 -0.011 2.169
-524.651 -68.539 -30.454 -0.042 -0.011 2.169
-527.97 -70.76500000000001 -30.334 -0.042 -0.011 2.169
-531.29 -72.992 -30.404 -0.042 -0.011 2.169
-534.608 -75.21700000000001 -30.23 -0.042 -0.011 2.169
-537.923 -77.44 -30.307000000000002 -0.042 -0.011 2.169
-541.235 -79.662 -30.033 -0.042 -0.011 2.169
-544.552 -81.887 -30.253000000000004 -0.042 -0.011 2.169
-547.864 -84.108 -29.953 -0.042 -0.011 2.169
-551.475 -84.802 -29.884 -0.042 -0.011 2.169
-555.0410000000002 -83.429 -28.705 -0.042 -0.011 2.169
-552.006 -81.34700000000001 -30.180000000000003 -0.042 -0.011 2.169
-548.693 -79.125 -30.224 -0.042 -0.011 2.169
-545.375 -76.9 -30.239 -0.042 -0.011 2.169
-542.057 -74.674 -30.266 -0.042 -0.011 2.169
-538.738 -72.448 -30.211 -0.042 -0.011 2.169
-535.425 -70.22700000000002 -30.484 -0.042 -0.011 2.169
-532.111 -68.00300000000001 -30.301 -0.042 -0.011 2.169
-528.792 -65.778 -30.467000000000002 -0.042 -0.011 2.169
-525.472 -63.550999999999995 -30.429 -0.042 -0.011 2.169
-522.153 -61.325 -30.579 -0.042 -0.011 2.169
-518.837 -59.101 -30.423 -0.042 -0.011 2.169
-515.519 -56.875 -30.521000000000004 -0.042 -0.011 2.169
-512.204 -54.652 -30.459 -0.042 -0.011 2.169
-508.887 -52.427 -30.6 -0.042 -0.011 2.169
-505.56800000000004 -50.201 -30.532 -0.042 -0.011 2.169
-502.2490000000001 -47.975 -30.603 -0.042 -0.011 2.169
-498.932 -45.75 -30.611000000000004 -0.042 -0.011 2.169
-495.615 -43.526 -30.675 -0.042 -0.011 2.169
-492.296 -41.3 -30.684000000000005 -0.042 -0.011 2.169
-492.086 -38.811 -30.714 -0.042 -0.011 2.169
-496.002 -38.246 -30.744 -0.042 -0.011 2.169
-499.32 -40.471 -30.58 -0.042 -0.011 2.169
-502.64 -42.698 -30.666000000000004 -0.042 -0.011 2.169
-505.95900000000006 -44.925 -30.505000000000003 -0.042 -0.011 2.169
-509.27900000000005 -47.151 -30.628000000000004 -0.042 -0.011 2.169
-512.597 -49.377 -30.437 -0.042 -0.011 2.169
-515.917 -51.604 -30.568 -0.042 -0.011 2.169
-519.237 -53.830000000000005 -30.419 -0.042 -0.011 2.169
-522.555 -56.055 -30.599 -0.042 -0.011 2.169
-525.875 -58.282000000000004 -30.478 -0.042 -0.011 2.169
-529.196 -60.51 -30.557000000000002 -0.042 -0.011 2.169
-532.516 -62.737 -30.442 -0.042 -0.011 2.169
-535.836 -64.963 -30.579 -0.042 -0.011 2.169
-539.15 -67.186 -30.304 -0.042 -0.011 2.169
-542.468 -69.412 -30.474 -0.042 -0.011 2.169
-545.788 -71.638 -30.32 -0.042 -0.011 2.169
-549.109 -73.865 -30.409 -0.042 -0.011 2.169
-552.425 -76.09 -30.208 -0.042 -0.011 2.169
-555.747 -78.318 -30.23 -0.042 -0.011 2.169
-558.9210000000002 -78.15700000000001 -29.629 -0.042 -0.011 2.169
-558.752 -74.794 -30.157 -0.042 -0.011 2.169
-555.4500000000002 -72.579 -30.579 -0.042 -0.011 2.169
-552.135 -70.35600000000001 -30.313 -0.042 -0.011 2.169
-548.819 -68.132 -30.551 -0.042 -0.011 2.169
-545.501 -65.907 -30.379000000000005 -0.042 -0.011 2.169
-542.186 -63.68300000000001 -30.618 -0.042 -0.011 2.169
-538.871 -61.46 -30.379000000000005 -0.042 -0.011 2.169
-535.556 -59.236 -30.599 -0.042 -0.011 2.169
-532.237 -57.011 -30.526 -0.042 -0.011 2.169
-528.918 -54.785000000000004 -30.646000000000004 -0.042 -0.011 2.169
-525.602 -52.56100000000001 -30.529 -0.042 -0.011 2.169
-522.283 -50.33500000000001 -30.653 -0.042 -0.011 2.169
-518.965 -48.10900000000001 -30.502 -0.042 -0.011 2.169
-515.648 -45.884 -30.669 -0.042 -0.011 2.169
-512.331 -43.659 -30.472 -0.042 -0.011 2.169
-509.012 -41.433 -30.641 -0.042 -0.011 2.169
-505.691 -39.206 -30.522000000000002 -0.042 -0.011 2.169
-505.444 -36.679 -30.526 -0.042 -0.011 2.169
-509.41999999999996 -36.25200000000001 -30.613 -0.042 -0.011 2.169
-512.775 -38.418 -30.593000000000004 -0.042 -0.011 2.169
-516.089 -40.641 -30.601 -0.042 -0.011 2.169
-519.404 -42.864 -30.649 -0.042 -0.011 2.169
-522.723 -45.091 -30.59 -0.042 -0.011 2.169
-526.041 -47.316 -30.692 -0.042 -0.011 2.169
-529.361 -49.542 -30.610000000000003 -0.042 -0.011 2.169
-532.676 -51.766 -30.691 -0.042 -0.011 2.169
-535.991 -53.99 -30.473 -0.042 -0.011 2.169
-539.308 -56.214 -30.579 -0.042 -0.011 2.169
-542.624 -58.439 -30.47 -0.042 -0.011 2.169
-545.941 -60.663 -30.506 -0.042 -0.011 2.169
-549.2530000000002 -62.88399999999999 -30.337 -0.042 -0.011 2.169
-552.558 -65.101 -30.253000000000004 -0.042 -0.011 2.169
-555.863 -67.318 -30.4 -0.042 -0.011 2.169
-559.179 -69.542 -30.303 -0.042 -0.011 2.169
-560.889 -66.454 -30.547 -0.042 -0.011 2.169
-558.436 -63.504000000000005 -30.513 -0.042 -0.011 2.169
-555.117 -61.27900000000001 -30.454 -0.042 -0.011 2.169
-551.7990000000001 -59.053000000000004 -30.524 -0.042 -0.011 2.169
-548.4800000000001 -56.827000000000005 -30.468000000000004 -0.042 -0.011 2.169
-545.163 -54.602 -30.586 -0.042 -0.011 2.169
-541.845 -52.37700000000001 -30.483 -0.042 -0.011 2.169
-538.525 -50.15 -30.574000000000005 -0.042 -0.011 2.169
-535.206 -47.924 -30.482 -0.042 -0.011 2.169
-531.889 -45.699 -30.671 -0.042 -0.011 2.169
-528.57 -43.473 -30.536 -0.042 -0.011 2.169
-525.25 -41.246 -30.629000000000005 -0.042 -0.011 2.169
-521.929 -39.019 -30.587 -0.042 -0.011 2.169
-518.6090000000002 -36.79200000000001 -30.654 -0.042 -0.011 2.169
-520.921 -35.262 -30.583 -0.042 -0.011 2.169
-524.895 -35.469 -30.571 -0.042 -0.011 2.169
-528.215 -37.697 -30.487000000000002 -0.042 -0.011 2.169
-531.535 -39.923 -30.633 -0.042 -0.011 2.169
-534.852 -42.148 -30.434 -0.042 -0.011 2.169
-538.169 -44.373 -30.638 -0.042 -0.011 2.169
-541.489 -46.599 -30.519 -0.042 -0.011 2.169
-544.809 -48.826 -30.653 -0.042 -0.011 2.169
-548.126 -51.05100000000001 -30.449000000000005 -0.042 -0.011 2.169
-551.442 -53.275000000000006 -30.65 -0.042 -0.011 2.169
-554.761 -55.501000000000005 -30.524 -0.042 -0.011 2.169
-558.079 -57.727000000000004 -30.65 -0.042 -0.011 2.169
-561.017 -57.332 -30.366 -0.042 -0.011 2.169
-560.126 -53.56100000000001 -30.49 -0.042 -0.011 2.169
-556.811 -51.33700000000001 -30.626 -0.042 -0.011 2.169
-553.492 -49.111 -30.535 -0.042 -0.011 2.169
-550.175 -46.887 -30.698 -0.042 -0.011 2.169
-546.858 -44.662 -30.521000000000004 -0.042 -0.011 2.169
-543.539 -42.436 -30.655 -0.042 -0.011 2.169
-540.2190000000002 -40.209 -30.546 -0.042 -0.011 2.169
-536.9000000000001 -37.983 -30.641 -0.042 -0.011 2.169
-533.585 -35.759 -30.404 -0.042 -0.011 2.169
-537.501 -35.213 -30.441 -0.042 -0.011 2.169
-541.476 -35.513 -30.259 -0.042 -0.011 2.169
-544.786 -37.733 -30.49 -0.042 -0.011 2.169
-548.105 -39.959 -30.55 -0.042 -0.011 2.169
-551.422 -42.184 -30.541000000000004 -0.042 -0.011 2.169
-554.74 -44.409 -30.499 -0.042 -0.011 2.169
-556.346 -47.586 -29.531 -0.042 -0.011 2.169
-556.893 -51.545 -29.372 -0.042 -0.011 2.169
-559.384 -76.892 -29.341 -0.042 -0.011 2.169
-557.162 -80.205 -29.623 -0.042 -0.011 2.169
-555.074 -83.318 -28.242 -0.042 -0.011 2.169
-551.574 -84.85 -29.367 -0.042 -0.011 2.169
-547.786 -86.119 -29.361 -0.042 -0.011 2.169
-549.912 -82.756 -29.753 -0.042 -0.011 2.169
-552.1330000000002 -79.44500000000001 -29.797 -0.042 -0.011 2.169
-554.354 -76.133 -29.921 -0.042 -0.011 2.169
-556.569 -72.831 -30.090000000000003 -0.042 -0.011 2.169
-558.791 -69.518 -29.879 -0.042 -0.011 2.169
-560.911 -66.148 -30.245 -0.042 -0.011 2.169
-560.959 -62.153 -30.157 -0.042 -0.011 2.169
-561.007 -58.16 -29.984000000000005 -0.042 -0.011 2.169
-558.701 -61.394 -30.236000000000004 -0.042 -0.011 2.169
-556.481 -64.704 -29.915 -0.042 -0.011 2.169
-554.258 -68.01800000000001 -30.178 -0.042 -0.011 2.169
-552.036 -71.331 -29.884 -0.042 -0.011 2.169
-549.81 -74.65 -30.053 -0.042 -0.011 2.169
-547.588 -77.963 -29.758 -0.042 -0.011 2.169
-545.362 -81.282 -29.799 -0.042 -0.011 2.169
-543.138 -84.597 -29.676 -0.042 -0.011 2.169
-540.916 -87.911 -29.513 -0.042 -0.011 2.169
-537.18 -89.178 -29.437 -0.042 -0.011 2.169
-536.7030000000001 -85.934 -29.723 -0.042 -0.011 2.169
-538.929 -82.615 -29.823000000000004 -0.042 -0.011 2.169
-541.154 -79.297 -29.657 -0.042 -0.011 2.169
-543.378 -75.982 -29.922 -0.042 -0.011 2.169
-545.606 -72.661 -29.898 -0.042 -0.011 2.169
-547.831 -69.343 -30.081 -0.042 -0.011 2.169
-550.054 -66.02900000000001 -29.946 -0.042 -0.011 2.169
-552.272 -62.721 -29.994 -0.042 -0.011 2.169
-554.494 -59.408 -30.116 -0.042 -0.011 2.169
-556.721 -56.088 -30.144000000000002 -0.042 -0.011 2.169
-558.947 -52.77 -30.234000000000005 -0.042 -0.011 2.169
-559.5 -49.199 -30.014 -0.042 -0.011 2.169
-556.693 -47.872 -30.281 -0.042 -0.011 2.169
-554.468 -51.189 -30.058 -0.042 -0.011 2.169
-552.244 -54.504 -30.302 -0.042 -0.011 2.169
-550.024 -57.81400000000001 -29.963 -0.042 -0.011 2.169
-547.7990000000001 -61.132 -30.143 -0.042 -0.011 2.169
-545.573 -64.451 -30.012 -0.042 -0.011 2.169
-543.346 -67.77200000000002 -30.091000000000005 -0.042 -0.011 2.169
-541.122 -71.08700000000002 -29.912000000000003 -0.042 -0.011 2.169
-538.9 -74.4 -29.778 -0.042 -0.011 2.169
-536.676 -77.716 -29.986 -0.042 -0.011 2.169
-534.454 -81.02900000000001 -29.708 -0.042 -0.011 2.169
-532.227 -84.349 -29.828 -0.042 -0.011 2.169
-530.004 -87.66300000000001 -29.578 -0.042 -0.011 2.169
-526.903 -89.409 -29.555 -0.042 -0.011 2.169
-524.676 -87.349 -29.608000000000004 -0.042 -0.011 2.169
-526.902 -84.03 -29.725 -0.042 -0.011 2.169
-529.13 -80.708 -29.742 -0.042 -0.011 2.169
-531.352 -77.396 -30.007 -0.042 -0.011 2.169
-533.578 -74.077 -29.834 -0.042 -0.011 2.169
-535.8 -70.763 -30.107 -0.042 -0.011 2.169
-538.025 -67.447 -29.897 -0.042 -0.011 2.169
-540.2490000000001 -64.13 -30.095 -0.042 -0.011 2.169
-542.472 -60.816 -30.144000000000002 -0.042 -0.011 2.169
-544.698 -57.497 -30.028 -0.042 -0.011 2.169
-546.921 -54.182 -30.22 -0.042 -0.011 2.169
-549.1460000000001 -50.866 -30.033 -0.042 -0.011 2.169
-551.366 -47.556000000000004 -30.349 -0.042 -0.011 2.169
-553.586 -44.246 -30.014 -0.042 -0.011 2.169
-553.86 -40.77400000000001 -29.859000000000005 -0.042 -0.011 2.169
-550.3600000000001 -40.797 -30.222 -0.042 -0.011 2.169
-548.134 -44.116 -30.109000000000005 -0.042 -0.011 2.169
-545.909 -47.434 -30.26 -0.042 -0.011 2.169
-543.683 -50.752 -30.123 -0.042 -0.011 2.169
-541.457 -54.071 -30.135 -0.042 -0.011 2.169
-539.233 -57.388 -30.138 -0.042 -0.011 2.169
-537.006 -60.708 -30.025 -0.042 -0.011 2.169
-534.781 -64.026 -30.198000000000004 -0.042 -0.011 2.169
-532.56 -67.336 -29.869 -0.042 -0.011 2.169
-530.334 -70.65500000000002 -30.04 -0.042 -0.011 2.169
-528.109 -73.973 -29.872 -0.042 -0.011 2.169
-525.881 -77.295 -29.896 -0.042 -0.011 2.169
-523.657 -80.611 -29.752000000000002 -0.042 -0.011 2.169
-521.432 -83.928 -29.590000000000003 -0.042 -0.011 2.169
-517.299 -87.355 -28.883 -0.042 -0.011 2.169
-515.548 -84.442 -29.584 -0.042 -0.011 2.169
-517.773 -81.125 -29.785000000000004 -0.042 -0.011 2.169
-519.999 -77.806 -29.781 -0.042 -0.011 2.169
-522.225 -74.488 -29.787000000000003 -0.042 -0.011 2.169
-524.447 -71.174 -30.03 -0.042 -0.011 2.169
-526.674 -67.853 -29.934 -0.042 -0.011 2.169
-528.901 -64.534 -30.097 -0.042 -0.011 2.169
-531.128 -61.213 -30.037000000000003 -0.042 -0.011 2.169
-533.353 -57.896 -30.226 -0.042 -0.011 2.169
-535.578 -54.578 -30.131 -0.042 -0.011 2.169
-537.804 -51.26 -30.086 -0.042 -0.011 2.169
-540.03 -47.941 -30.194 -0.042 -0.011 2.169
-542.257 -44.62 -30.144000000000002 -0.042 -0.011 2.169
-544.483 -41.301 -30.23 -0.042 -0.011 2.169
-546.7070000000001 -37.985 -29.996 -0.042 -0.011 2.169
-543.647 -35.576 -29.792 -0.042 -0.011 2.169
-540.91 -38.371 -30.088 -0.042 -0.011 2.169
-538.683 -41.69 -30.257 -0.042 -0.011 2.169
-536.46 -45.00600000000001 -30.051 -0.042 -0.011 2.169
-534.2340000000002 -48.324 -30.188 -0.042 -0.011 2.169
-532.01 -51.639 -30.21 -0.042 -0.011 2.169
-529.785 -54.958 -30.155 -0.042 -0.011 2.169
-527.558 -58.278 -30.208 -0.042 -0.011 2.169
-525.334 -61.594 -30.021 -0.042 -0.011 2.169
-523.107 -64.914 -30.136 -0.042 -0.011 2.169
-520.884 -68.229 -29.872 -0.042 -0.011 2.169
-518.659 -71.547 -30.044 -0.042 -0.011 2.169
-516.438 -74.858 -29.806 -0.042 -0.011 2.169
-514.212 -78.17600000000002 -29.806 -0.042 -0.011 2.169
-511.98600000000005 -81.49500000000002 -29.849 -0.042 -0.011 2.169
-509.86299999999994 -84.66 -28.815 -0.042 -0.011 2.169
-505.972 -84.82900000000001 -28.421 -0.042 -0.011 2.169
-506.447 -81.496 -29.709 -0.042 -0.011 2.169
-508.674 -78.175 -29.762 -0.042 -0.011 2.169
-510.8980000000001 -74.858 -29.957 -0.042 -0.011 2.169
-513.125 -71.539 -29.943 -0.042 -0.011 2.169
-515.351 -68.22 -29.883 -0.042 -0.011 2.169
-517.573 -64.907 -30.166 -0.042 -0.011 2.169
-519.798 -61.589 -29.989 -0.042 -0.011 2.169
-522.024 -58.27 -30.172 -0.042 -0.011 2.169
-524.251 -54.95 -30.092000000000002 -0.042 -0.011 2.169
-526.476 -51.633 -30.261 -0.042 -0.011 2.169
-528.702 -48.315 -30.237 -0.042 -0.011 2.169
-530.926 -44.998 -30.200000000000003 -0.042 -0.011 2.169
-533.15 -41.682 -30.184 -0.042 -0.011 2.169
-535.376 -38.363 -30.071 -0.042 -0.011 2.169
-535.183 -35.192 -29.976 -0.042 -0.011 2.169
-531.391 -36.047 -30.181000000000004 -0.042 -0.011 2.169
-529.164 -39.367 -30.090000000000003 -0.042 -0.011 2.169
-526.938 -42.686 -30.226 -0.042 -0.011 2.169
-524.71 -46.007 -30.182000000000002 -0.042 -0.011 2.169
-522.483 -49.328 -30.236000000000004 -0.042 -0.011 2.169
-520.258 -52.64600000000001 -30.113 -0.042 -0.011 2.169
-518.032 -55.96500000000001 -30.047 -0.042 -0.011 2.169
-515.805 -59.284000000000006 -30.153 -0.042 -0.011 2.169
-513.58 -62.602000000000004 -29.968 -0.042 -0.011 2.169
-511.35300000000007 -65.922 -30.075 -0.042 -0.011 2.169
-509.127 -69.241 -29.902 -0.042 -0.011 2.169
-506.90000000000003 -72.562 -29.96 -0.042 -0.011 2.169
-504.674 -75.88000000000001 -29.886 -0.042 -0.011 2.169
-502.47200000000004 -79.164 -29.283000000000005 -0.042 -0.011 2.169
-500.265 -82.454 -28.733 -0.042 -0.011 2.169
-496.56600000000003 -81.211 -27.919 -0.042 -0.011 2.169
-497.891 -77.736 -29.101 -0.042 -0.011 2.169
-500.07800000000003 -74.475 -29.823000000000004 -0.042 -0.011 2.169
-502.30600000000004 -71.154 -29.819 -0.042 -0.011 2.169
-504.53100000000006 -67.835 -30.001000000000005 -0.042 -0.011 2.169
-506.75900000000007 -64.514 -29.948000000000004 -0.042 -0.011 2.169
-508.98600000000005 -61.194 -30.016 -0.042 -0.011 2.169
-511.21099999999996 -57.876 -30.161 -0.042 -0.011 2.169
-513.437 -54.557 -30.007 -0.042 -0.011 2.169
-515.663 -51.238 -30.193 -0.042 -0.011 2.169
-517.89 -47.918 -30.069 -0.042 -0.011 2.169
-520.114 -44.602 -30.290000000000003 -0.042 -0.011 2.169
-522.341 -41.281 -30.180000000000003 -0.042 -0.011 2.169
-524.568 -37.961 -30.174 -0.042 -0.011 2.169
-524.09 -35.09 -30.165 -0.042 -0.011 2.169
-520.331 -36.02 -30.242 -0.042 -0.011 2.169
-518.106 -39.337 -30.131 -0.042 -0.011 2.169
-515.88 -42.656 -30.239 -0.042 -0.011 2.169
-513.655 -45.974000000000004 -30.141 -0.042 -0.011 2.169
-511.42900000000003 -49.293000000000006 -30.098 -0.042 -0.011 2.169
-509.203 -52.61200000000001 -30.215 -0.042 -0.011 2.169
-506.97800000000007 -55.92900000000001 -30.021 -0.042 -0.011 2.169
-504.751 -59.249 -30.16 -0.042 -0.011 2.169
-502.52699999999993 -62.565 -29.94 -0.042 -0.011 2.169
-500.301 -65.88500000000002 -30.016 -0.042 -0.011 2.169
-498.075 -69.203 -30.058 -0.042 -0.011 2.169
-495.865 -72.498 -29.548 -0.042 -0.011 2.169
-493.66 -75.785 -29.019 -0.042 -0.011 2.169
-491.17100000000005 -73.135 -28.95 -0.042 -0.011 2.169
-492.296 -69.561 -29.817 -0.042 -0.011 2.169
-494.52000000000004 -66.24500000000002 -29.988 -0.042 -0.011 2.169
-496.74700000000007 -62.92400000000001 -30.046 -0.042 -0.011 2.169
-498.973 -59.60600000000001 -30.124 -0.042 -0.011 2.169
-501.19900000000007 -56.288 -29.957 -0.042 -0.011 2.169
-503.421 -52.974000000000004 -30.236000000000004 -0.042 -0.011 2.169
-505.64799999999997 -49.654 -30.121 -0.042 -0.011 2.169
-507.87499999999994 -46.333 -30.168 -0.042 -0.011 2.169
-510.1019999999999 -43.013 -30.188 -0.042 -0.011 2.169
-512.329 -39.692 -30.141 -0.042 -0.011 2.169
-514.557 -36.371 -30.235000000000003 -0.042 -0.011 2.169
-510.6240000000001 -36.122 -30.159 -0.042 -0.011 2.169
-507.62600000000003 -38.447 -30.205 -0.042 -0.011 2.169
-505.398 -41.768 -30.122 -0.042 -0.011 2.169
-503.1720000000001 -45.088 -30.271000000000004 -0.042 -0.011 2.169
-500.946 -48.406 -30.086 -0.042 -0.011 2.169
-498.71900000000005 -51.727 -30.151 -0.042 -0.011 2.169
-496.492 -55.047 -30.123 -0.042 -0.011 2.169
-494.265 -58.367 -30.022 -0.042 -0.011 2.169
-492.038 -61.68800000000001 -30.081 -0.042 -0.011 2.169
-489.831 -64.978 -29.558 -0.042 -0.011 2.169
-489.239 -61.033 -29.662000000000003 -0.042 -0.011 2.169
-489.568 -57.112 -29.934 -0.042 -0.011 2.169
-491.786 -53.804 -30.256 -0.042 -0.011 2.169
-494.013 -50.485 -30.109000000000005 -0.042 -0.011 2.169
-496.239 -47.166 -30.259 -0.042 -0.011 2.169
-498.465 -43.847 -30.268 -0.042 -0.011 2.169
-500.692 -40.527 -30.186 -0.042 -0.011 2.169
-502.919 -37.206 -30.281 -0.042 -0.011 2.169
-498.933 -37.396 -30.17 -0.042 -0.011 2.169
-495.86800000000005 -39.461 -30.367 -0.042 -0.011 2.169
-493.643 -42.778 -30.176 -0.042 -0.011 2.169
-491.418 -46.096 -30.377000000000002 -0.042 -0.011 2.169
-489.2010000000001 -49.40100000000001 -30.012 -0.042 -0.011 2.169
-488.24 -45.615 -29.991 -0.042 -0.011 2.169
-488.81 -41.726 -30.112 -0.042 -0.011 2.169
-489.251 -41.068 -26.275 -0.042 -0.011 2.169
-489.251 -41.068 -22.275 -0.042 -0.011 2.169
-489.251 -41.068 -20.275 -0.042 -0.011 2.169